totalQuantityInStock
555131
